TILES
1 1 1 1 1 1 1 1 1 1 1 1 1 1 1 1 1 1
1 0 0 0 0 1 0 0 0 0 0 0 0 1 0 0 0 1
1 0 0 0 0 1 1 1 1 0 0 0 0 1 0 0 0 1
1 0 0 0 0 0 0 0 1 0 0 0 0 1 0 0 0 1
1 0 0 0 1 1 0 0 1 0 1 1 0 1 0 0 0 1
1 0 1 0 0 0 0 0 1 0 0 0 0 1 0 0 0 1
1 0 1 0 0 0 0 0 1 0 1 0 0 0 0 0 0 1
1 0 0 0 0 1 0 0 0 0 1 0 0 0 0 0 0 1
1 0 0 0 0 1 0 1 0 0 1 0 0 0 0 0 0 1
1 0 0 0 0 1 0 1 0 0 1 0 0 1 0 0 0 1
1 0 1 0 0 1 1 0 0 0 0 0 0 1 0 0 0 1
1 1 1 1 1 1 1 1 1 1 1 1 1 1 1 1 1 1
PLAYER
2.583612,9.050167
EXIT
14.97993,1.896321
FAST ENEMY
3.204013,1.769231 3.204013,1.769231 3.204013,1.769231 3.204013,1.769231
POUNCE ENEMY
11.76421,8.436955 11.3796,7.19398 11.76421,8.436955 11.3796,7.19398
RANGED ENEMY
6.259197,6.732441 6.235786,3.244147 6.259197,6.732441 6.235786,3.244147 6.259197,6.732441 6.235786,3.244147 6.259197,6.732441 6.235786,3.244147
