TILES
1 1 1 1 1 1 1 1 1 1 1 1 1 1 1 1 1 1 1 1 1 1 1 1 1 1
1 0 0 0 0 0 0 0 0 0 1 0 0 0 0 0 0 0 0 0 0 0 0 0 0 1
1 0 0 0 0 0 0 0 0 0 1 0 0 0 1 0 0 0 0 0 0 0 0 0 0 1
1 0 0 0 0 0 0 1 0 0 1 0 0 0 1 0 0 1 1 1 1 1 1 0 0 1
1 0 0 0 0 0 0 1 0 0 1 0 0 0 1 0 0 0 0 1 0 0 0 0 0 1
1 0 0 0 0 0 0 1 0 0 0 0 0 0 1 0 0 0 0 1 0 0 0 0 0 1
1 0 0 0 0 0 0 1 0 0 0 0 0 0 1 0 0 0 0 1 0 0 0 0 0 1
1 0 0 0 0 0 0 1 0 0 1 0 0 0 1 0 0 0 0 1 0 0 0 0 0 1
1 0 0 0 0 0 0 1 0 0 1 1 0 0 1 0 0 1 1 1 1 1 1 0 0 1
1 0 0 0 0 0 0 1 0 0 0 1 1 1 1 0 0 1 0 0 0 0 1 0 0 1
1 0 0 0 0 0 0 1 0 0 0 0 0 0 1 0 0 1 0 0 0 0 1 0 0 1
1 0 0 0 1 0 0 1 1 0 0 0 0 0 1 0 0 1 0 0 0 0 1 0 0 1
1 0 0 0 1 0 0 0 1 1 1 1 0 0 1 0 0 1 1 1 0 0 1 0 0 1
1 0 0 0 1 0 0 0 0 0 0 1 0 0 1 0 0 0 0 0 0 0 1 0 0 1
1 0 0 0 1 0 0 0 0 0 0 1 0 0 1 0 0 0 0 0 0 0 1 0 0 1
1 0 0 1 1 1 1 0 0 1 1 1 0 0 1 1 1 1 1 1 1 1 1 0 0 1
1 0 0 0 0 0 0 0 0 0 0 0 0 0 0 0 0 0 0 0 0 0 0 0 0 1
1 0 0 0 0 0 0 0 0 0 0 0 0 0 0 0 0 0 0 0 0 0 0 0 0 1
1 1 1 1 1 1 1 1 1 1 1 1 1 1 1 1 1 1 1 1 1 1 1 1 1 1
PLAYER
15.52083,1.460938
EXIT
12.16667,1.424479
SLOW ENEMY
12.5,11.82552 9.484375,13.47917 5.543186,13.36756 12.50096,7.310941
POUNCE ENEMY
20.15616,4.671233 20.02192,6.723288 20.07945,5.649315
RANGED ENEMY
17.63802,4.403646 1.909789,5.691939 2.232246,6.551824 2.930902,7.169866 3.84453,7.116123 4.650672,6.390595 4.8119,5.396353 4.570057,4.536469 3.871401,4.052783 2.877159,4.025912 1.963531,4.697697
TOWER
21.70573,4.309896 3.291667,5.606771
DEAD ZONE
14,1 22,16 19,17 16,16
PUSH MINE
18.48984,10.55079 18.45824,9.555305 19.50113,9.5079 19.46953,10.53499 18.96388,10.02935
INVISIJUICE
21.99726,5.591781 22.01644,6.915069
