TILES
1 1 1 1 1 1 1 1 1
1 0 0 0 0 0 0 0 1
1 0 0 0 0 0 0 0 1
1 0 0 0 0 0 0 0 1
1 0 0 0 0 0 0 0 1
1 0 0 0 0 0 0 0 1
1 0 0 0 0 0 0 0 1
1 1 1 1 1 1 1 1 1
PLAYER
1.115385,5.886288
EXIT
6.546823,1.274248
DEAD ZONE
-1,0 3,-3 -2,5 6,3
PUSH MINE
-2.095318,1.966555 0.1053512,-3.93311 4.413043,-1.896321 2.704013,-1.989966
BLOWUP MINE
-0.5735786,-2.715719 -1.744147,-2.270903 -2.540134,3.137124 4.506689,1.849498
SLOW MINE
6.56689,-1.568562 -2.282609,0.6789297 6.754181,-3.722408 1.673913,-3.277592
INVISIJUICE
-1.439799,3.675585 5.489966,-3.488294 1.603679,-1.264214 2.165552,2.692307
