TILES
1 1 1 1 1 1 1 1 1 1 1 1 1 1 1 1 1 1
1 0 0 1 0 0 0 0 0 0 0 0 0 0 0 0 0 1
1 0 0 1 0 0 0 0 0 0 0 0 0 0 0 0 0 1
1 0 0 1 0 0 1 1 1 1 1 1 0 0 1 0 0 1
1 0 0 1 0 0 1 0 0 0 0 1 0 0 1 0 0 1
1 0 0 1 0 0 0 0 0 0 0 0 0 0 1 0 0 1
1 0 0 1 0 0 0 0 0 0 0 0 0 0 1 0 0 1
1 0 0 1 0 0 0 1 0 0 1 0 0 0 1 0 0 1
1 0 0 1 0 0 0 0 0 0 0 0 0 0 1 0 0 1
1 0 0 1 1 1 1 1 1 1 1 1 1 1 1 0 0 1
1 0 0 0 0 0 0 1 1 1 1 0 0 0 0 0 0 1
1 0 0 0 0 0 0 0 1 1 0 0 0 0 0 0 0 1
1 0 0 0 0 0 0 0 0 0 0 0 0 0 0 0 0 1
1 1 1 1 1 1 1 1 1 1 1 1 1 1 1 1 1 1
PLAYER
1.896163,1.753951
EXIT
8.478261,5.376254
SLOW ENEMY
1.421404,10.69063
FAST ENEMY
4.521739,3.59699
POUNCE ENEMY
14.70569,11.58027 12.39503,7.132054
DEAD ZONE
1,12 2,12 16,12 16,11 12,8 13,8
PUSH MINE
6.160274,11.35068 10.5137,11.4274
