TILES
1 1 1 1 1 1 1 1 1 1 1 1 1 1 1 1 1 1
1 0 0 1 0 0 0 0 0 0 0 0 0 0 0 0 0 1
1 0 0 1 0 0 1 0 0 0 0 1 0 0 0 0 0 1
1 0 0 1 0 0 1 1 1 1 1 1 0 0 1 0 0 1
1 0 0 1 0 0 0 0 0 0 0 0 0 0 1 0 0 1
1 0 0 1 0 0 0 0 0 0 0 0 0 0 1 0 0 1
1 0 0 1 0 0 0 0 0 0 0 0 0 0 1 0 0 1
1 0 0 1 0 0 0 1 0 0 1 0 0 0 1 0 0 1
1 0 0 1 0 0 0 0 0 0 0 0 0 0 1 0 0 1
1 0 0 1 1 1 1 1 1 1 1 1 1 1 1 0 0 1
1 0 0 0 0 0 0 1 1 1 1 0 0 0 0 0 0 1
1 0 0 0 0 0 0 0 1 1 0 0 0 0 0 0 0 1
1 0 0 0 0 0 0 0 0 0 0 0 0 0 0 0 0 1
1 1 1 1 1 1 1 1 1 1 1 1 1 1 1 1 1 1
PLAYER
1.896163,1.753951
EXIT
8.506689,5.443143
SLOW ENEMY
8.555305,7.179458 6.896163,5.662529 8.262542,1.560201 11.9684,7.400677 4.550167,5.115384 11.47856,10.45034 15.58691,11.69865
INVISIJUICE
1.563014,5.043836 15.4411,5.312328
