TILES
1 1 1 1 1 1 1 1 1 1 1 1 1 1 1 1 1 1 1 1 1 1
1 0 0 0 0 0 0 0 0 0 0 0 0 0 0 0 0 0 0 0 0 1
1 0 0 0 1 0 1 0 0 0 1 0 1 0 0 1 1 0 1 0 0 1
1 0 0 1 0 1 0 1 0 0 1 0 1 0 1 0 1 0 0 0 0 1
1 0 1 0 0 0 0 0 1 0 1 0 1 1 0 0 1 0 1 0 0 1
1 0 1 0 0 0 0 0 1 0 1 0 1 0 0 0 1 0 1 0 0 1
1 0 0 0 0 0 0 0 0 0 0 0 0 0 0 0 0 0 0 0 0 1
1 0 0 0 1 0 0 0 0 0 1 1 0 0 0 0 1 1 0 0 0 1
1 0 0 0 1 0 0 0 0 1 0 0 1 0 0 1 0 0 1 0 0 1
1 0 0 0 1 0 0 0 1 0 0 0 0 1 0 1 0 0 1 0 0 1
1 0 0 1 0 1 0 0 0 1 0 0 1 0 0 1 0 0 1 0 0 1
1 0 1 0 0 0 1 0 0 0 1 1 0 0 0 1 0 0 1 0 0 1
1 0 0 0 0 0 0 0 0 0 0 0 0 0 0 0 0 0 0 0 0 1
1 1 1 1 1 1 1 1 1 1 1 1 1 1 1 1 1 1 1 1 1 1
PLAYER
10.55205,6.072603
EXIT
10.36027,9.083561
